[0.23093039 0.7330601  0.40170884 0.29868734]
[0.35014135 0.53751504 0.03716087 0.28758705]
[0.09179269 0.81900144 0.3935939  0.19270995]
[0.4798377  0.237355   0.5719948  0.40817797]
[0.06040823 0.7935176  0.41624665 0.22949393]
[0.06764609 0.64478767 0.7673273  0.24289118]
[0.341091   0.7585527  0.89428914 0.3142239 ]
[0.10961858 0.3483498  0.24935508 0.23804173]
[0.01971294 0.424698   0.5857687  0.21791548]
[0.27553394 0.17120135 0.9495764  0.2714519 ]
[0.15595643 0.47998643 0.16546726 0.24702182]
[0.03232735 0.5749669  0.9507394  0.22592027]
[0.3262672 0.9069941 0.2592703 0.2083787]
[0.23189887 0.75600374 0.2545669  0.19238293]
[0.5327977  0.7041173  0.40108275 0.50024426]
[0.29018885 0.18010819 0.18797898 0.3678465 ]
[0.27892923 0.71715665 0.892197   0.13229974]
[-0.06192593  0.8119576   0.5756347   0.19483012]
[0.41644508 0.45158076 0.21403766 0.42218864]
[-0.00259103  0.5855479   0.90104103  0.2447307 ]
[0.40782884 0.7845011  0.13732708 0.31723332]
[0.0435279  0.6775305  0.4736967  0.17710924]
[0.29239967 0.3882233  0.2051791  0.39026153]
[0.04698246 0.6756551  0.13701141 0.209593  ]
[0.30465713 0.34667575 0.182441   0.3488071 ]
[0.06313346 0.04084051 0.8929696  0.25663012]
[0.02941762 0.5830728  0.65919065 0.23281702]
[0.23158811 0.3483709  0.175807   0.29691613]
[0.09351404 0.9714688  0.61436343 0.20388997]
[0.12295116 0.15607595 0.26967883 0.22999223]
[0.0794379  0.32514226 0.9436828  0.22096153]
[0.16371708 0.6779622  0.6835811  0.2626456 ]
[0.45921057 0.46282077 0.19277573 0.42520273]
[0.01394194 0.90922415 0.2847854  0.22179933]
[0.01435975 0.20181572 0.8652135  0.26601422]
[0.1418365  0.31697702 0.3877288  0.23427138]
[0.07427853 0.14646578 0.3900875  0.24851821]
[0.1515947  0.21073258 0.94713604 0.23630187]
[0.0655278  0.28791177 0.9278188  0.24808691]
[0.24203609 0.29295564 0.27236032 0.3359772 ]
[0.38649088 0.8826885  0.98743415 0.31105304]
[0.20607707 0.5175148  0.52736163 0.19599238]
[0.05999221 0.8513752  0.8763933  0.21973914]
[0.05433758 0.89858663 0.89901876 0.19690743]
[0.01957529 0.46905255 0.91810286 0.23102288]
[0.0094735  0.12762988 0.8024255  0.20179169]
[0.04330504 0.9085009  0.8110236  0.22398014]
[0.2690031  0.02181828 0.9858854  0.38028988]
[0.34674034 0.04781294 0.52158856 0.227567  ]
[0.25183132 0.43545508 0.6919068  0.35446966]
[-0.01643522  0.7492411   0.3602767   0.22627755]
[0.45357642 0.71928525 0.52479374 0.41196787]
[0.12792748 0.71569717 0.4812442  0.28065336]
[0.32366905 0.4836712  0.82895577 0.30149853]
[0.46419314 0.2653643  0.08556569 0.4822209 ]
[0.0176527  0.9738618  0.77833223 0.18602885]
[0.32153013 0.39422178 0.9275819  0.31328475]
[-0.02355682  0.6265725   0.29762542  0.17632222]
[0.5223969  0.00249922 0.48798537 0.2694075 ]
[0.25855163 0.3230883  0.28278124 0.3093592 ]
[0.0819736  0.6682595  0.93459916 0.20802669]
[0.05019258 0.08622575 0.40038967 0.25728786]
[0.04318191 0.76147187 0.9034637  0.22942157]
[0.02760877 0.3845873  0.126603   0.20282166]
[0.1251369  0.24397767 0.1892916  0.28735077]
[0.12285078 0.8477951  0.20397484 0.24742971]
[0.06095629 0.3873638  0.43965292 0.19560316]
[0.10662068 0.9814143  0.11175466 0.24859367]
[ 0.61861855  0.01713693  0.8500823  -0.2671235 ]
[-0.02515402  0.64986455  0.6832348   0.17650795]
[0.19144885 0.7329316  0.8020569  0.16881818]
[0.05896798 0.78143466 0.21834195 0.23275897]
[0.11499452 0.17194104 0.8775569  0.19518855]
[0.388855   0.4402802  0.31369722 0.40899336]
[0.08280093 0.7233957  0.8843571  0.2544708 ]
[0.00480926 0.5219487  0.18133712 0.19452325]
[0.11915646 0.30145478 0.24382317 0.19765308]
[0.16073678 0.6091403  0.37397766 0.30718195]
[0.49728367 0.58601475 0.9428594  0.5010272 ]
[0.02980017 0.19384539 0.43292975 0.16974133]
[0.27084333 0.7237308  0.32022882 0.22465153]
[0.18862295 0.7645688  0.4609263  0.263538  ]
[0.05060358 0.0401094  0.21927083 0.32875276]
[0.0497036  0.73030114 0.88677585 0.22245581]
[0.18527633 0.51343644 0.63662875 0.22413214]
[0.0083355  0.21092355 0.2694837  0.26470816]
[0.3658545  0.0571084  0.69930804 0.43739307]
[0.0449845  0.8231683  0.2690264  0.18471758]
[0.17811127 0.67522717 0.4429356  0.21148461]
[0.24721944 0.5578736  0.629156   0.35531628]
[ 0.23272982  0.01801169  0.99810827 -0.02194532]
[0.24277464 0.04354393 0.9484701  0.38000226]
[-0.00039137  0.26870596  0.27057755  0.18953468]
[0.4132113  0.7085378  0.00280297 0.472098  ]
[0.41466615 0.38647246 0.21475542 0.27990127]
[0.48330763 0.4648664  0.561149   0.56614995]
[0.3437469  0.07103705 0.6014943  0.40604115]
[0.12282626 0.74897444 0.59146845 0.21839878]
[0.06567817 0.8209468  0.44020534 0.22557068]
[0.07589112 0.9309485  0.58768916 0.21427375]
[0.49727917 0.09647322 0.28380775 0.5388106 ]
[-0.05790019  0.6445571   0.7389537   0.204904  ]
[0.0585028  0.5812018  0.7827499  0.23397848]
[-0.0199598   0.3305924   0.7353884   0.17071211]
[0.21649358 0.8063643  0.8343402  0.22065455]
[0.02022031 0.89376783 0.7890682  0.15123728]
[0.00985479 0.50526047 0.6706486  0.16911875]
[0.04221273 0.8001827  0.05192983 0.1955941 ]
[0.5361818  0.04050434 0.41246223 0.20463459]
[0.11147577 0.17174399 0.21863258 0.18529858]
[0.27478182 0.48472965 0.02358997 0.349015  ]
[0.21401224 0.17245781 0.53590536 0.26549625]
[0.03373145 0.93229187 0.26117265 0.19137084]
[0.03688329 0.92512155 0.68705165 0.17356735]
[0.11657021 0.16738737 0.2700101  0.1933493 ]
[0.2175854  0.6059463  0.44161212 0.24331366]
[0.4103678  0.88930213 0.87323165 0.41103697]
[0.09164891 0.20793915 0.3395803  0.24342774]
[0.36475024 0.07694471 0.24564934 0.19585565]
[0.29312426 0.6624819  0.6698023  0.39493942]
[0.01219376 0.37408817 0.6740943  0.20758733]
[0.19290347 0.8935604  0.520967   0.2921363 ]
[0.11768011 0.590044   0.65998244 0.15708587]
[-0.02339114  0.80243516  0.18053174  0.20797196]
[0.31729773 0.1629684  0.64709985 0.20188682]
[0.17714265 0.4520985  0.07603443 0.2581457 ]
[0.07991286 0.68517673 0.06896031 0.2202651 ]
[0.02935749 0.29909253 0.1434573  0.2031595 ]
[0.21508119 0.3344636  0.0084362  0.3452382 ]
[-0.00184421  0.5681472   0.5008975   0.2013487 ]
[0.17644523 0.6520418  0.70732105 0.2961961 ]
[0.39556593 0.40811837 0.496472   0.21124169]
[0.01270579 0.6565937  0.5390781  0.15062341]
[0.15303805 0.43112302 0.74244785 0.27780378]
[0.0631838  0.21541929 0.36952674 0.25068092]
[0.254531   0.5879792  0.2991798  0.28559566]
[0.11260492 0.54040396 0.50924706 0.22528906]
[0.3226571  0.81946385 0.77540946 0.33615947]
[0.00926306 0.4248507  0.77703905 0.21167815]
[0.22513036 0.98868155 0.05505598 0.32400537]
[0.35416213 0.46391726 0.87764025 0.30268407]
[0.2955348  0.07802463 0.91014826 0.24522899]
[0.4155266  0.9904891  0.21715117 0.22369142]
[0.2274719  0.61050344 0.11979353 0.29597247]
[-0.01231007  0.11711764  0.02784812  0.20133762]
[0.01849713 0.23285401 0.7627175  0.16366015]
[0.02036074 0.8034042  0.31489325 0.30671012]
[0.3772883  0.05511749 0.23203456 0.21654242]
[0.03900996 0.5132222  0.11683559 0.2159453 ]
[0.0214406  0.12127733 0.5012542  0.16581179]
[0.02421997 0.0876497  0.884153   0.16827844]
[0.08146994 0.7729213  0.8733423  0.22542746]
[0.19838224 0.37252927 0.63745534 0.29971457]
[0.26764622 0.49280238 0.55938613 0.32965028]
[0.23591846 0.81826174 0.10247791 0.3297112 ]
[0.02255501 0.80861855 0.27993774 0.19535327]
[0.21659909 0.8198596  0.93164945 0.20778307]
[0.09591097 0.3634585  0.09678435 0.23108515]
[0.25473806 0.82662344 0.74462605 0.2978828 ]
[0.4380433  0.6638365  0.80256844 0.31666934]
[0.09104683 0.16848016 0.9955034  0.26815164]
[0.30130416 0.2106651  0.7319932  0.2503711 ]
[0.31411815 0.5176574  0.12133336 0.31179333]
[0.07688963 0.7808088  0.13785028 0.18811426]
[0.12083412 0.55511343 0.53228056 0.22338827]
[0.34980544 0.2717117  0.57098067 0.31686914]
[0.32558265 0.9182905  0.009408   0.36346757]
[0.03238716 0.90939    0.60783255 0.23284635]
[0.26999536 0.7413925  0.7403159  0.31207037]
[0.14547525 0.8400061  0.7901268  0.17753819]
[-0.00535577  0.784912    0.7034172   0.19889636]
[0.36253995 0.97604966 0.24075699 0.16062593]
[0.05147135 0.06268966 0.41443324 0.22366877]
[0.10840227 0.93245804 0.38241482 0.2315853 ]
[-0.012072    0.26033747  0.8921288   0.20359452]
[0.05877822 0.7143743  0.6712737  0.18963955]
[0.00918954 0.9986495  0.28711808 0.19466338]
[0.09765821 0.7546437  0.10903406 0.27468503]
[0.56837934 0.0249418  0.23471463 0.19316342]
[0.00625341 0.14949858 0.19155037 0.24663804]
[0.41550127 0.7107427  0.46066308 0.35339594]
[0.3454307  0.8496984  0.97044325 0.4353479 ]
[0.41589677 0.06462348 0.6183214  0.1573078 ]
[0.13306318 0.5543115  0.74161863 0.1774745 ]
[0.3793947  0.67833805 0.0191586  0.15098482]
[0.12138838 0.35595202 0.39861012 0.2568798 ]
[0.06376333 0.15360332 0.51804316 0.20985739]
[0.41680303 0.9245852  0.1456343  0.16157557]
[0.02862889 0.7494521  0.31106544 0.22211905]
[0.16245191 0.40742266 0.58734906 0.25689793]
[0.29883543 0.06676602 0.83197546 0.20110337]
[0.27603734 0.41206062 0.01023352 0.2696129 ]
[0.04239845 0.35400808 0.83204937 0.24974428]
[0.27754226 0.86247265 0.38415265 0.35972142]
[-0.03250847  0.2083869   0.62805724  0.25419414]
[0.08795123 0.74348235 0.76923704 0.18655917]
[0.07288494 0.4814191  0.41268015 0.20418207]
[0.04636395 0.40350044 0.9570643  0.24545775]
[0.12683994 0.7092452  0.07084858 0.25145662]
[0.08521871 0.02278185 0.68545794 0.14882918]
[0.4399851  0.45773184 0.2877735  0.49880195]
[0.19232331 0.19993961 0.9279783  0.1344662 ]
[0.2193073  0.3493842  0.65505314 0.26668298]
[0.06823818 0.8952544  0.84197736 0.20876722]
[0.01150372 0.52131784 0.64843965 0.27874207]
[-0.00319046  0.97699654  0.44588804  0.17638242]
[-0.0023607   0.99807477  0.46425474  0.21851319]
[-0.00376849  0.03490305  0.8146702   0.2438706 ]
[0.10267682 0.6491685  0.637913   0.23390922]
[0.4308598  0.5818933  0.15788066 0.47485363]
[-0.00418726  0.6793312   0.55472875  0.21725693]
[0.06319942 0.723467   0.21795416 0.18760648]
[-0.01712738  0.6753788   0.63362277  0.23298354]
[0.3588373  0.92378306 0.59438145 0.17203173]
[0.03975989 0.52177346 0.89789116 0.18230356]
[-0.01010795  0.88887036  0.54059744  0.27437806]
[ 0.3677484   0.02385497  0.10683405 -0.0940478 ]
[0.07403148 0.13782287 0.47398615 0.18484046]
[0.02673432 0.11291552 0.27381027 0.20468514]
[0.1909562  0.5207671  0.48644817 0.24158178]
[0.06204695 0.9982084  0.567098   0.21621495]
[0.4383739  0.39862704 0.7893802  0.3812685 ]
[0.2980414  0.08570933 0.9924128  0.06093682]
[0.05007104 0.7577784  0.21601582 0.27829134]
[0.28362358 0.532053   0.00993776 0.4128443 ]
[0.13240099 0.22837818 0.36720443 0.22699924]
[0.08297683 0.1684184  0.44683623 0.25209883]
[0.23735602 0.5723678  0.9444951  0.32851553]
[0.44833395 0.96326494 0.41133964 0.5074793 ]
[0.13314794 0.70628595 0.07410002 0.2052385 ]
[0.10920201 0.6109878  0.72294855 0.16707735]
[0.26198247 0.51992154 0.29531932 0.17931317]
[0.00158458 0.11964083 0.3001063  0.1526005 ]
[0.07824516 0.9030458  0.0734607  0.23188743]
[0.05517285 0.8779974  0.32111728 0.21141833]
[0.05006717 0.56683207 0.14034045 0.18534328]
[0.07880417 0.11046481 0.87785494 0.16189466]
[0.3890494  0.84529006 0.24883425 0.3466239 ]
[-0.33443108  0.00356507  0.6814927   0.49867845]
[0.00634062 0.7092676  0.21827698 0.18738474]
[0.13176726 0.49427164 0.02891135 0.21955809]
[0.05527789 0.13111448 0.6186999  0.2348387 ]
[0.22746599 0.3785951  0.77929115 0.30087578]
[0.00306703 0.24576986 0.17411137 0.22433649]
[0.44807965 0.7092223  0.47928405 0.33603978]
[0.40415174 0.40264583 0.603446   0.43188727]
[0.31907207 0.3229308  0.20300698 0.37520146]
[-0.01855772  0.94106734  0.10358882  0.21668214]
[0.04556627 0.08788955 0.33266652 0.2535783 ]
[0.19771785 0.71419704 0.30816472 0.30068183]
[0.00085757 0.10803723 0.76233387 0.24058948]
[0.12159651 0.97011125 0.44011497 0.23316285]
[0.01070215 0.8136399  0.6794456  0.20990185]
[0.1088921  0.53910494 0.99215794 0.2669512 ]
[0.05499964 0.43604994 0.4935727  0.25816488]
[0.5663121  0.16084182 0.86494255 0.4576639 ]
[0.22569704 0.49795222 0.7183325  0.23087135]
[0.10949869 0.18800032 0.12631774 0.18423653]
[0.48910907 0.8814297  0.11150587 0.39144278]
[0.2936476  0.9113033  0.31010544 0.2942139 ]
[0.16464002 0.54162765 0.69665074 0.3159182 ]
[0.09890856 0.8890524  0.26715088 0.19097736]
[0.25333047 0.04215646 0.23332119 0.21538264]
[-0.00165886  0.24139261  0.65523314  0.12383848]
[0.07051417 0.8876096  0.24900663 0.16953152]
[0.21067286 0.3075993  0.36024284 0.2342355 ]
[0.28834188 0.7135799  0.28234565 0.35557163]
[0.08982735 0.75616705 0.9161235  0.17988276]
[0.3922902  0.6993817  0.5547179  0.25893524]
[0.07378536 0.8983722  0.48480248 0.25320625]
[0.49682033 0.5695195  0.6618253  0.46174896]
[0.36325547 0.77338326 0.14238453 0.1862226 ]
[0.01889404 0.38480043 0.25643122 0.21569401]
[-0.01674894  0.61362267  0.4688095   0.17598417]
[0.14904271 0.5760435  0.27002823 0.23332915]
[0.45610937 0.11829364 0.16819978 0.48435318]
[0.08260723 0.22865617 0.53566253 0.22208615]
[0.3287787  0.73557746 0.8643477  0.26851702]
[0.35193118 0.45015037 0.9685434  0.2601782 ]
[0.33527488 0.43212032 0.6100813  0.31360078]
[-0.02109605  0.04363549  0.57253087  0.20806469]
[0.5248306  0.61205256 0.6066538  0.44192886]
[-0.0048734   0.67075527  0.8073443   0.21545908]
[0.09931375 0.9939102  0.5972551  0.274364  ]
[0.17048594 0.28350878 0.12400329 0.2624005 ]
[0.00099222 0.43858778 0.29343605 0.24064   ]
[0.496023   0.08603001 0.62971413 0.5269221 ]
[0.21432348 0.7219007  0.79289794 0.20628707]
[0.23398131 0.287583   0.36153316 0.38716197]
[0.2968218  0.59585035 0.6912892  0.35875487]
[-0.04094298  0.7072408   0.4273876   0.23396301]
[0.02633488 0.7031381  0.22035515 0.19741979]
[0.4394482  0.42129815 0.94580543 0.35883486]
[0.05999402 0.44846714 0.6157466  0.16903053]
[0.35578784 0.9340638  0.20578372 0.22776516]
[0.12185447 0.8808707  0.36076367 0.25521782]
[0.06543716 0.7582115  0.01719058 0.20816688]
[0.4118906  0.4357021  0.08883405 0.20285267]
[0.2552366  0.41919446 0.4640653  0.2818129 ]
[0.0637864  0.30571234 0.7877935  0.22653078]
[0.28885785 0.94403803 0.407547   0.41071546]
[0.02755132 0.968989   0.08767998 0.25185966]
[0.14069574 0.98677063 0.44077015 0.20196418]
[0.15101726 0.9579711  0.450078   0.18168975]
[-0.01193028  0.0948776   0.27502584  0.2114585 ]
[0.40535146 0.43473327 0.31229973 0.2510202 ]
[0.2498486  0.15295064 0.59317505 0.14665054]
[0.21309206 0.36325717 0.5555817  0.26925957]
[0.27326602 0.80843985 0.18848348 0.3164829 ]
[0.12517342 0.9308976  0.86663544 0.27323353]
[0.07356539 0.3814398  0.6260593  0.22991033]
[0.24640884 0.08031487 0.9621973  0.33584887]
[0.0719256  0.08814609 0.0030421  0.22457619]
[0.13195069 0.18401515 0.39740002 0.18849291]
[0.22506814 0.1739806  0.99904907 0.2602085 ]
[0.2312641  0.7151798  0.11575532 0.33987677]
